1 5
1 2
1 4
1 997
2 6
2 3
2 998
3 7
3 4
3 999
4 8
4 1000
5 9
5 6
5 8
6 10
6 7
7 11
7 8
8 12
9 13
9 10
9 12
10 14
10 11
11 15
11 12
12 16
13 17
13 14
13 16
14 18
14 15
15 19
15 16
16 20
17 21
17 18
17 20
18 22
18 19
19 23
19 20
20 24
21 25
21 22
21 24
22 26
22 23
23 27
23 24
24 28
25 29
25 26
25 28
26 30
26 27
27 31
27 28
28 32
29 33
29 30
29 32
30 34
30 31
31 35
31 32
32 36
33 37
33 34
33 36
34 38
34 35
35 39
35 36
36 40
37 41
37 38
37 40
38 42
38 39
39 43
39 40
40 44
41 45
41 42
41 44
42 46
42 43
43 47
43 44
44 48
45 49
45 46
45 48
46 50
46 47
47 51
47 48
48 52
49 53
49 50
49 52
50 54
50 51
51 55
51 52
52 56
53 57
53 54
53 56
54 58
54 55
55 59
55 56
56 60
57 61
57 58
57 60
58 62
58 59
59 63
59 60
60 64
61 65
61 62
61 64
62 66
62 63
63 67
63 64
64 68
65 69
65 66
65 68
66 70
66 67
67 71
67 68
68 72
69 73
69 70
69 72
70 74
70 71
71 75
71 72
72 76
73 77
73 74
73 76
74 78
74 75
75 79
75 76
76 80
77 81
77 78
77 80
78 82
78 79
79 83
79 80
80 84
81 85
81 82
81 84
82 86
82 83
83 87
83 84
84 88
85 89
85 86
85 88
86 90
86 87
87 91
87 88
88 92
89 93
89 90
89 92
90 94
90 91
91 95
91 92
92 96
93 97
93 94
93 96
94 98
94 95
95 99
95 96
96 100
97 101
97 98
97 100
98 102
98 99
99 103
99 100
100 104
101 105
101 102
101 104
102 106
102 103
103 107
103 104
104 108
105 109
105 106
105 108
106 110
106 107
107 111
107 108
108 112
109 113
109 110
109 112
110 114
110 111
111 115
111 112
112 116
113 117
113 114
113 116
114 118
114 115
115 119
115 116
116 120
117 121
117 118
117 120
118 122
118 119
119 123
119 120
120 124
121 125
121 122
121 124
122 126
122 123
123 127
123 124
124 128
125 129
125 126
125 128
126 130
126 127
127 131
127 128
128 132
129 133
129 130
129 132
130 134
130 131
131 135
131 132
132 136
133 137
133 134
133 136
134 138
134 135
135 139
135 136
136 140
137 141
137 138
137 140
138 142
138 139
139 143
139 140
140 144
141 145
141 142
141 144
142 146
142 143
143 147
143 144
144 148
145 149
145 146
145 148
146 150
146 147
147 151
147 148
148 152
149 153
149 150
149 152
150 154
150 151
151 155
151 152
152 156
153 157
153 154
153 156
154 158
154 155
155 159
155 156
156 160
157 161
157 158
157 160
158 162
158 159
159 163
159 160
160 164
161 165
161 162
161 164
162 166
162 163
163 167
163 164
164 168
165 169
165 166
165 168
166 170
166 167
167 171
167 168
168 172
169 173
169 170
169 172
170 174
170 171
171 175
171 172
172 176
173 177
173 174
173 176
174 178
174 175
175 179
175 176
176 180
177 181
177 178
177 180
178 182
178 179
179 183
179 180
180 184
181 185
181 182
181 184
182 186
182 183
183 187
183 184
184 188
185 189
185 186
185 188
186 190
186 187
187 191
187 188
188 192
189 193
189 190
189 192
190 194
190 191
191 195
191 192
192 196
193 197
193 194
193 196
194 198
194 195
195 199
195 196
196 200
197 201
197 198
197 200
198 202
198 199
199 203
199 200
200 204
201 205
201 202
201 204
202 206
202 203
203 207
203 204
204 208
205 209
205 206
205 208
206 210
206 207
207 211
207 208
208 212
209 213
209 210
209 212
210 214
210 211
211 215
211 212
212 216
213 217
213 214
213 216
214 218
214 215
215 219
215 216
216 220
217 221
217 218
217 220
218 222
218 219
219 223
219 220
220 224
221 225
221 222
221 224
222 226
222 223
223 227
223 224
224 228
225 229
225 226
225 228
226 230
226 227
227 231
227 228
228 232
229 233
229 230
229 232
230 234
230 231
231 235
231 232
232 236
233 237
233 234
233 236
234 238
234 235
235 239
235 236
236 240
237 241
237 238
237 240
238 242
238 239
239 243
239 240
240 244
241 245
241 242
241 244
242 246
242 243
243 247
243 244
244 248
245 249
245 246
245 248
246 250
246 247
247 251
247 248
248 252
249 253
249 250
249 252
250 254
250 251
251 255
251 252
252 256
253 257
253 254
253 256
254 258
254 255
255 259
255 256
256 260
257 261
257 258
257 260
258 262
258 259
259 263
259 260
260 264
261 265
261 262
261 264
262 266
262 263
263 267
263 264
264 268
265 269
265 266
265 268
266 270
266 267
267 271
267 268
268 272
269 273
269 270
269 272
270 274
270 271
271 275
271 272
272 276
273 277
273 274
273 276
274 278
274 275
275 279
275 276
276 280
277 281
277 278
277 280
278 282
278 279
279 283
279 280
280 284
281 285
281 282
281 284
282 286
282 283
283 287
283 284
284 288
285 289
285 286
285 288
286 290
286 287
287 291
287 288
288 292
289 293
289 290
289 292
290 294
290 291
291 295
291 292
292 296
293 297
293 294
293 296
294 298
294 295
295 299
295 296
296 300
297 301
297 298
297 300
298 302
298 299
299 303
299 300
300 304
301 305
301 302
301 304
302 306
302 303
303 307
303 304
304 308
305 309
305 306
305 308
306 310
306 307
307 311
307 308
308 312
309 313
309 310
309 312
310 314
310 311
311 315
311 312
312 316
313 317
313 314
313 316
314 318
314 315
315 319
315 316
316 320
317 321
317 318
317 320
318 322
318 319
319 323
319 320
320 324
321 325
321 322
321 324
322 326
322 323
323 327
323 324
324 328
325 329
325 326
325 328
326 330
326 327
327 331
327 328
328 332
329 333
329 330
329 332
330 334
330 331
331 335
331 332
332 336
333 337
333 334
333 336
334 338
334 335
335 339
335 336
336 340
337 341
337 338
337 340
338 342
338 339
339 343
339 340
340 344
341 345
341 342
341 344
342 346
342 343
343 347
343 344
344 348
345 349
345 346
345 348
346 350
346 347
347 351
347 348
348 352
349 353
349 350
349 352
350 354
350 351
351 355
351 352
352 356
353 357
353 354
353 356
354 358
354 355
355 359
355 356
356 360
357 361
357 358
357 360
358 362
358 359
359 363
359 360
360 364
361 365
361 362
361 364
362 366
362 363
363 367
363 364
364 368
365 369
365 366
365 368
366 370
366 367
367 371
367 368
368 372
369 373
369 370
369 372
370 374
370 371
371 375
371 372
372 376
373 377
373 374
373 376
374 378
374 375
375 379
375 376
376 380
377 381
377 378
377 380
378 382
378 379
379 383
379 380
380 384
381 385
381 382
381 384
382 386
382 383
383 387
383 384
384 388
385 389
385 386
385 388
386 390
386 387
387 391
387 388
388 392
389 393
389 390
389 392
390 394
390 391
391 395
391 392
392 396
393 397
393 394
393 396
394 398
394 395
395 399
395 396
396 400
397 401
397 398
397 400
398 402
398 399
399 403
399 400
400 404
401 405
401 402
401 404
402 406
402 403
403 407
403 404
404 408
405 409
405 406
405 408
406 410
406 407
407 411
407 408
408 412
409 413
409 410
409 412
410 414
410 411
411 415
411 412
412 416
413 417
413 414
413 416
414 418
414 415
415 419
415 416
416 420
417 421
417 418
417 420
418 422
418 419
419 423
419 420
420 424
421 425
421 422
421 424
422 426
422 423
423 427
423 424
424 428
425 429
425 426
425 428
426 430
426 427
427 431
427 428
428 432
429 433
429 430
429 432
430 434
430 431
431 435
431 432
432 436
433 437
433 434
433 436
434 438
434 435
435 439
435 436
436 440
437 441
437 438
437 440
438 442
438 439
439 443
439 440
440 444
441 445
441 442
441 444
442 446
442 443
443 447
443 444
444 448
445 449
445 446
445 448
446 450
446 447
447 451
447 448
448 452
449 453
449 450
449 452
450 454
450 451
451 455
451 452
452 456
453 457
453 454
453 456
454 458
454 455
455 459
455 456
456 460
457 461
457 458
457 460
458 462
458 459
459 463
459 460
460 464
461 465
461 462
461 464
462 466
462 463
463 467
463 464
464 468
465 469
465 466
465 468
466 470
466 467
467 471
467 468
468 472
469 473
469 470
469 472
470 474
470 471
471 475
471 472
472 476
473 477
473 474
473 476
474 478
474 475
475 479
475 476
476 480
477 481
477 478
477 480
478 482
478 479
479 483
479 480
480 484
481 485
481 482
481 484
482 486
482 483
483 487
483 484
484 488
485 489
485 486
485 488
486 490
486 487
487 491
487 488
488 492
489 493
489 490
489 492
490 494
490 491
491 495
491 492
492 496
493 497
493 494
493 496
494 498
494 495
495 499
495 496
496 500
497 501
497 498
497 500
498 502
498 499
499 503
499 500
500 504
501 505
501 502
501 504
502 506
502 503
503 507
503 504
504 508
505 509
505 506
505 508
506 510
506 507
507 511
507 508
508 512
509 513
509 510
509 512
510 514
510 511
511 515
511 512
512 516
513 517
513 514
513 516
514 518
514 515
515 519
515 516
516 520
517 521
517 518
517 520
518 522
518 519
519 523
519 520
520 524
521 525
521 522
521 524
522 526
522 523
523 527
523 524
524 528
525 529
525 526
525 528
526 530
526 527
527 531
527 528
528 532
529 533
529 530
529 532
530 534
530 531
531 535
531 532
532 536
533 537
533 534
533 536
534 538
534 535
535 539
535 536
536 540
537 541
537 538
537 540
538 542
538 539
539 543
539 540
540 544
541 545
541 542
541 544
542 546
542 543
543 547
543 544
544 548
545 549
545 546
545 548
546 550
546 547
547 551
547 548
548 552
549 553
549 550
549 552
550 554
550 551
551 555
551 552
552 556
553 557
553 554
553 556
554 558
554 555
555 559
555 556
556 560
557 561
557 558
557 560
558 562
558 559
559 563
559 560
560 564
561 565
561 562
561 564
562 566
562 563
563 567
563 564
564 568
565 569
565 566
565 568
566 570
566 567
567 571
567 568
568 572
569 573
569 570
569 572
570 574
570 571
571 575
571 572
572 576
573 577
573 574
573 576
574 578
574 575
575 579
575 576
576 580
577 581
577 578
577 580
578 582
578 579
579 583
579 580
580 584
581 585
581 582
581 584
582 586
582 583
583 587
583 584
584 588
585 589
585 586
585 588
586 590
586 587
587 591
587 588
588 592
589 593
589 590
589 592
590 594
590 591
591 595
591 592
592 596
593 597
593 594
593 596
594 598
594 595
595 599
595 596
596 600
597 601
597 598
597 600
598 602
598 599
599 603
599 600
600 604
601 605
601 602
601 604
602 606
602 603
603 607
603 604
604 608
605 609
605 606
605 608
606 610
606 607
607 611
607 608
608 612
609 613
609 610
609 612
610 614
610 611
611 615
611 612
612 616
613 617
613 614
613 616
614 618
614 615
615 619
615 616
616 620
617 621
617 618
617 620
618 622
618 619
619 623
619 620
620 624
621 625
621 622
621 624
622 626
622 623
623 627
623 624
624 628
625 629
625 626
625 628
626 630
626 627
627 631
627 628
628 632
629 633
629 630
629 632
630 634
630 631
631 635
631 632
632 636
633 637
633 634
633 636
634 638
634 635
635 639
635 636
636 640
637 641
637 638
637 640
638 642
638 639
639 643
639 640
640 644
641 645
641 642
641 644
642 646
642 643
643 647
643 644
644 648
645 649
645 646
645 648
646 650
646 647
647 651
647 648
648 652
649 653
649 650
649 652
650 654
650 651
651 655
651 652
652 656
653 657
653 654
653 656
654 658
654 655
655 659
655 656
656 660
657 661
657 658
657 660
658 662
658 659
659 663
659 660
660 664
661 665
661 662
661 664
662 666
662 663
663 667
663 664
664 668
665 669
665 666
665 668
666 670
666 667
667 671
667 668
668 672
669 673
669 670
669 672
670 674
670 671
671 675
671 672
672 676
673 677
673 674
673 676
674 678
674 675
675 679
675 676
676 680
677 681
677 678
677 680
678 682
678 679
679 683
679 680
680 684
681 685
681 682
681 684
682 686
682 683
683 687
683 684
684 688
685 689
685 686
685 688
686 690
686 687
687 691
687 688
688 692
689 693
689 690
689 692
690 694
690 691
691 695
691 692
692 696
693 697
693 694
693 696
694 698
694 695
695 699
695 696
696 700
697 701
697 698
697 700
698 702
698 699
699 703
699 700
700 704
701 705
701 702
701 704
702 706
702 703
703 707
703 704
704 708
705 709
705 706
705 708
706 710
706 707
707 711
707 708
708 712
709 713
709 710
709 712
710 714
710 711
711 715
711 712
712 716
713 717
713 714
713 716
714 718
714 715
715 719
715 716
716 720
717 721
717 718
717 720
718 722
718 719
719 723
719 720
720 724
721 725
721 722
721 724
722 726
722 723
723 727
723 724
724 728
725 729
725 726
725 728
726 730
726 727
727 731
727 728
728 732
729 733
729 730
729 732
730 734
730 731
731 735
731 732
732 736
733 737
733 734
733 736
734 738
734 735
735 739
735 736
736 740
737 741
737 738
737 740
738 742
738 739
739 743
739 740
740 744
741 745
741 742
741 744
742 746
742 743
743 747
743 744
744 748
745 749
745 746
745 748
746 750
746 747
747 751
747 748
748 752
749 753
749 750
749 752
750 754
750 751
751 755
751 752
752 756
753 757
753 754
753 756
754 758
754 755
755 759
755 756
756 760
757 761
757 758
757 760
758 762
758 759
759 763
759 760
760 764
761 765
761 762
761 764
762 766
762 763
763 767
763 764
764 768
765 769
765 766
765 768
766 770
766 767
767 771
767 768
768 772
769 773
769 770
769 772
770 774
770 771
771 775
771 772
772 776
773 777
773 774
773 776
774 778
774 775
775 779
775 776
776 780
777 781
777 778
777 780
778 782
778 779
779 783
779 780
780 784
781 785
781 782
781 784
782 786
782 783
783 787
783 784
784 788
785 789
785 786
785 788
786 790
786 787
787 791
787 788
788 792
789 793
789 790
789 792
790 794
790 791
791 795
791 792
792 796
793 797
793 794
793 796
794 798
794 795
795 799
795 796
796 800
797 801
797 798
797 800
798 802
798 799
799 803
799 800
800 804
801 805
801 802
801 804
802 806
802 803
803 807
803 804
804 808
805 809
805 806
805 808
806 810
806 807
807 811
807 808
808 812
809 813
809 810
809 812
810 814
810 811
811 815
811 812
812 816
813 817
813 814
813 816
814 818
814 815
815 819
815 816
816 820
817 821
817 818
817 820
818 822
818 819
819 823
819 820
820 824
821 825
821 822
821 824
822 826
822 823
823 827
823 824
824 828
825 829
825 826
825 828
826 830
826 827
827 831
827 828
828 832
829 833
829 830
829 832
830 834
830 831
831 835
831 832
832 836
833 837
833 834
833 836
834 838
834 835
835 839
835 836
836 840
837 841
837 838
837 840
838 842
838 839
839 843
839 840
840 844
841 845
841 842
841 844
842 846
842 843
843 847
843 844
844 848
845 849
845 846
845 848
846 850
846 847
847 851
847 848
848 852
849 853
849 850
849 852
850 854
850 851
851 855
851 852
852 856
853 857
853 854
853 856
854 858
854 855
855 859
855 856
856 860
857 861
857 858
857 860
858 862
858 859
859 863
859 860
860 864
861 865
861 862
861 864
862 866
862 863
863 867
863 864
864 868
865 869
865 866
865 868
866 870
866 867
867 871
867 868
868 872
869 873
869 870
869 872
870 874
870 871
871 875
871 872
872 876
873 877
873 874
873 876
874 878
874 875
875 879
875 876
876 880
877 881
877 878
877 880
878 882
878 879
879 883
879 880
880 884
881 885
881 882
881 884
882 886
882 883
883 887
883 884
884 888
885 889
885 886
885 888
886 890
886 887
887 891
887 888
888 892
889 893
889 890
889 892
890 894
890 891
891 895
891 892
892 896
893 897
893 894
893 896
894 898
894 895
895 899
895 896
896 900
897 901
897 898
897 900
898 902
898 899
899 903
899 900
900 904
901 905
901 902
901 904
902 906
902 903
903 907
903 904
904 908
905 909
905 906
905 908
906 910
906 907
907 911
907 908
908 912
909 913
909 910
909 912
910 914
910 911
911 915
911 912
912 916
913 917
913 914
913 916
914 918
914 915
915 919
915 916
916 920
917 921
917 918
917 920
918 922
918 919
919 923
919 920
920 924
921 925
921 922
921 924
922 926
922 923
923 927
923 924
924 928
925 929
925 926
925 928
926 930
926 927
927 931
927 928
928 932
929 933
929 930
929 932
930 934
930 931
931 935
931 932
932 936
933 937
933 934
933 936
934 938
934 935
935 939
935 936
936 940
937 941
937 938
937 940
938 942
938 939
939 943
939 940
940 944
941 945
941 942
941 944
942 946
942 943
943 947
943 944
944 948
945 949
945 946
945 948
946 950
946 947
947 951
947 948
948 952
949 953
949 950
949 952
950 954
950 951
951 955
951 952
952 956
953 957
953 954
953 956
954 958
954 955
955 959
955 956
956 960
957 961
957 958
957 960
958 962
958 959
959 963
959 960
960 964
961 965
961 962
961 964
962 966
962 963
963 967
963 964
964 968
965 969
965 966
965 968
966 970
966 967
967 971
967 968
968 972
969 973
969 970
969 972
970 974
970 971
971 975
971 972
972 976
973 977
973 974
973 976
974 978
974 975
975 979
975 976
976 980
977 981
977 978
977 980
978 982
978 979
979 983
979 980
980 984
981 985
981 982
981 984
982 986
982 983
983 987
983 984
984 988
985 989
985 986
985 988
986 990
986 987
987 991
987 988
988 992
989 993
989 990
989 992
990 994
990 991
991 995
991 992
992 996
993 997
993 994
993 996
994 998
994 995
995 999
995 996
996 1000
997 998
997 1000
998 999
999 1000
