1 4
1 2
1 3
1 997
2 5
2 3
2 998
3 6
3 999
4 7
4 5
4 6
5 8
5 6
6 9
7 10
7 8
7 9
8 11
8 9
9 12
10 13
10 11
10 12
11 14
11 12
12 15
13 16
13 14
13 15
14 17
14 15
15 18
16 19
16 17
16 18
17 20
17 18
18 21
19 22
19 20
19 21
20 23
20 21
21 24
22 25
22 23
22 24
23 26
23 24
24 27
25 28
25 26
25 27
26 29
26 27
27 30
28 31
28 29
28 30
29 32
29 30
30 33
31 34
31 32
31 33
32 35
32 33
33 36
34 37
34 35
34 36
35 38
35 36
36 39
37 40
37 38
37 39
38 41
38 39
39 42
40 43
40 41
40 42
41 44
41 42
42 45
43 46
43 44
43 45
44 47
44 45
45 48
46 49
46 47
46 48
47 50
47 48
48 51
49 52
49 50
49 51
50 53
50 51
51 54
52 55
52 53
52 54
53 56
53 54
54 57
55 58
55 56
55 57
56 59
56 57
57 60
58 61
58 59
58 60
59 62
59 60
60 63
61 64
61 62
61 63
62 65
62 63
63 66
64 67
64 65
64 66
65 68
65 66
66 69
67 70
67 68
67 69
68 71
68 69
69 72
70 73
70 71
70 72
71 74
71 72
72 75
73 76
73 74
73 75
74 77
74 75
75 78
76 79
76 77
76 78
77 80
77 78
78 81
79 82
79 80
79 81
80 83
80 81
81 84
82 85
82 83
82 84
83 86
83 84
84 87
85 88
85 86
85 87
86 89
86 87
87 90
88 91
88 89
88 90
89 92
89 90
90 93
91 94
91 92
91 93
92 95
92 93
93 96
94 97
94 95
94 96
95 98
95 96
96 99
97 100
97 98
97 99
98 101
98 99
99 102
100 103
100 101
100 102
101 104
101 102
102 105
103 106
103 104
103 105
104 107
104 105
105 108
106 109
106 107
106 108
107 110
107 108
108 111
109 112
109 110
109 111
110 113
110 111
111 114
112 115
112 113
112 114
113 116
113 114
114 117
115 118
115 116
115 117
116 119
116 117
117 120
118 121
118 119
118 120
119 122
119 120
120 123
121 124
121 122
121 123
122 125
122 123
123 126
124 127
124 125
124 126
125 128
125 126
126 129
127 130
127 128
127 129
128 131
128 129
129 132
130 133
130 131
130 132
131 134
131 132
132 135
133 136
133 134
133 135
134 137
134 135
135 138
136 139
136 137
136 138
137 140
137 138
138 141
139 142
139 140
139 141
140 143
140 141
141 144
142 145
142 143
142 144
143 146
143 144
144 147
145 148
145 146
145 147
146 149
146 147
147 150
148 151
148 149
148 150
149 152
149 150
150 153
151 154
151 152
151 153
152 155
152 153
153 156
154 157
154 155
154 156
155 158
155 156
156 159
157 160
157 158
157 159
158 161
158 159
159 162
160 163
160 161
160 162
161 164
161 162
162 165
163 166
163 164
163 165
164 167
164 165
165 168
166 169
166 167
166 168
167 170
167 168
168 171
169 172
169 170
169 171
170 173
170 171
171 174
172 175
172 173
172 174
173 176
173 174
174 177
175 178
175 176
175 177
176 179
176 177
177 180
178 181
178 179
178 180
179 182
179 180
180 183
181 184
181 182
181 183
182 185
182 183
183 186
184 187
184 185
184 186
185 188
185 186
186 189
187 190
187 188
187 189
188 191
188 189
189 192
190 193
190 191
190 192
191 194
191 192
192 195
193 196
193 194
193 195
194 197
194 195
195 198
196 199
196 197
196 198
197 200
197 198
198 201
199 202
199 200
199 201
200 203
200 201
201 204
202 205
202 203
202 204
203 206
203 204
204 207
205 208
205 206
205 207
206 209
206 207
207 210
208 211
208 209
208 210
209 212
209 210
210 213
211 214
211 212
211 213
212 215
212 213
213 216
214 217
214 215
214 216
215 218
215 216
216 219
217 220
217 218
217 219
218 221
218 219
219 222
220 223
220 221
220 222
221 224
221 222
222 225
223 226
223 224
223 225
224 227
224 225
225 228
226 229
226 227
226 228
227 230
227 228
228 231
229 232
229 230
229 231
230 233
230 231
231 234
232 235
232 233
232 234
233 236
233 234
234 237
235 238
235 236
235 237
236 239
236 237
237 240
238 241
238 239
238 240
239 242
239 240
240 243
241 244
241 242
241 243
242 245
242 243
243 246
244 247
244 245
244 246
245 248
245 246
246 249
247 250
247 248
247 249
248 251
248 249
249 252
250 253
250 251
250 252
251 254
251 252
252 255
253 256
253 254
253 255
254 257
254 255
255 258
256 259
256 257
256 258
257 260
257 258
258 261
259 262
259 260
259 261
260 263
260 261
261 264
262 265
262 263
262 264
263 266
263 264
264 267
265 268
265 266
265 267
266 269
266 267
267 270
268 271
268 269
268 270
269 272
269 270
270 273
271 274
271 272
271 273
272 275
272 273
273 276
274 277
274 275
274 276
275 278
275 276
276 279
277 280
277 278
277 279
278 281
278 279
279 282
280 283
280 281
280 282
281 284
281 282
282 285
283 286
283 284
283 285
284 287
284 285
285 288
286 289
286 287
286 288
287 290
287 288
288 291
289 292
289 290
289 291
290 293
290 291
291 294
292 295
292 293
292 294
293 296
293 294
294 297
295 298
295 296
295 297
296 299
296 297
297 300
298 301
298 299
298 300
299 302
299 300
300 303
301 304
301 302
301 303
302 305
302 303
303 306
304 307
304 305
304 306
305 308
305 306
306 309
307 310
307 308
307 309
308 311
308 309
309 312
310 313
310 311
310 312
311 314
311 312
312 315
313 316
313 314
313 315
314 317
314 315
315 318
316 319
316 317
316 318
317 320
317 318
318 321
319 322
319 320
319 321
320 323
320 321
321 324
322 325
322 323
322 324
323 326
323 324
324 327
325 328
325 326
325 327
326 329
326 327
327 330
328 331
328 329
328 330
329 332
329 330
330 333
331 334
331 332
331 333
332 335
332 333
333 336
334 337
334 335
334 336
335 338
335 336
336 339
337 340
337 338
337 339
338 341
338 339
339 342
340 343
340 341
340 342
341 344
341 342
342 345
343 346
343 344
343 345
344 347
344 345
345 348
346 349
346 347
346 348
347 350
347 348
348 351
349 352
349 350
349 351
350 353
350 351
351 354
352 355
352 353
352 354
353 356
353 354
354 357
355 358
355 356
355 357
356 359
356 357
357 360
358 361
358 359
358 360
359 362
359 360
360 363
361 364
361 362
361 363
362 365
362 363
363 366
364 367
364 365
364 366
365 368
365 366
366 369
367 370
367 368
367 369
368 371
368 369
369 372
370 373
370 371
370 372
371 374
371 372
372 375
373 376
373 374
373 375
374 377
374 375
375 378
376 379
376 377
376 378
377 380
377 378
378 381
379 382
379 380
379 381
380 383
380 381
381 384
382 385
382 383
382 384
383 386
383 384
384 387
385 388
385 386
385 387
386 389
386 387
387 390
388 391
388 389
388 390
389 392
389 390
390 393
391 394
391 392
391 393
392 395
392 393
393 396
394 397
394 395
394 396
395 398
395 396
396 399
397 400
397 398
397 399
398 401
398 399
399 402
400 403
400 401
400 402
401 404
401 402
402 405
403 406
403 404
403 405
404 407
404 405
405 408
406 409
406 407
406 408
407 410
407 408
408 411
409 412
409 410
409 411
410 413
410 411
411 414
412 415
412 413
412 414
413 416
413 414
414 417
415 418
415 416
415 417
416 419
416 417
417 420
418 421
418 419
418 420
419 422
419 420
420 423
421 424
421 422
421 423
422 425
422 423
423 426
424 427
424 425
424 426
425 428
425 426
426 429
427 430
427 428
427 429
428 431
428 429
429 432
430 433
430 431
430 432
431 434
431 432
432 435
433 436
433 434
433 435
434 437
434 435
435 438
436 439
436 437
436 438
437 440
437 438
438 441
439 442
439 440
439 441
440 443
440 441
441 444
442 445
442 443
442 444
443 446
443 444
444 447
445 448
445 446
445 447
446 449
446 447
447 450
448 451
448 449
448 450
449 452
449 450
450 453
451 454
451 452
451 453
452 455
452 453
453 456
454 457
454 455
454 456
455 458
455 456
456 459
457 460
457 458
457 459
458 461
458 459
459 462
460 463
460 461
460 462
461 464
461 462
462 465
463 466
463 464
463 465
464 467
464 465
465 468
466 469
466 467
466 468
467 470
467 468
468 471
469 472
469 470
469 471
470 473
470 471
471 474
472 475
472 473
472 474
473 476
473 474
474 477
475 478
475 476
475 477
476 479
476 477
477 480
478 481
478 479
478 480
479 482
479 480
480 483
481 484
481 482
481 483
482 485
482 483
483 486
484 487
484 485
484 486
485 488
485 486
486 489
487 490
487 488
487 489
488 491
488 489
489 492
490 493
490 491
490 492
491 494
491 492
492 495
493 496
493 494
493 495
494 497
494 495
495 498
496 499
496 497
496 498
497 500
497 498
498 501
499 502
499 500
499 501
500 503
500 501
501 504
502 505
502 503
502 504
503 506
503 504
504 507
505 508
505 506
505 507
506 509
506 507
507 510
508 511
508 509
508 510
509 512
509 510
510 513
511 514
511 512
511 513
512 515
512 513
513 516
514 517
514 515
514 516
515 518
515 516
516 519
517 520
517 518
517 519
518 521
518 519
519 522
520 523
520 521
520 522
521 524
521 522
522 525
523 526
523 524
523 525
524 527
524 525
525 528
526 529
526 527
526 528
527 530
527 528
528 531
529 532
529 530
529 531
530 533
530 531
531 534
532 535
532 533
532 534
533 536
533 534
534 537
535 538
535 536
535 537
536 539
536 537
537 540
538 541
538 539
538 540
539 542
539 540
540 543
541 544
541 542
541 543
542 545
542 543
543 546
544 547
544 545
544 546
545 548
545 546
546 549
547 550
547 548
547 549
548 551
548 549
549 552
550 553
550 551
550 552
551 554
551 552
552 555
553 556
553 554
553 555
554 557
554 555
555 558
556 559
556 557
556 558
557 560
557 558
558 561
559 562
559 560
559 561
560 563
560 561
561 564
562 565
562 563
562 564
563 566
563 564
564 567
565 568
565 566
565 567
566 569
566 567
567 570
568 571
568 569
568 570
569 572
569 570
570 573
571 574
571 572
571 573
572 575
572 573
573 576
574 577
574 575
574 576
575 578
575 576
576 579
577 580
577 578
577 579
578 581
578 579
579 582
580 583
580 581
580 582
581 584
581 582
582 585
583 586
583 584
583 585
584 587
584 585
585 588
586 589
586 587
586 588
587 590
587 588
588 591
589 592
589 590
589 591
590 593
590 591
591 594
592 595
592 593
592 594
593 596
593 594
594 597
595 598
595 596
595 597
596 599
596 597
597 600
598 601
598 599
598 600
599 602
599 600
600 603
601 604
601 602
601 603
602 605
602 603
603 606
604 607
604 605
604 606
605 608
605 606
606 609
607 610
607 608
607 609
608 611
608 609
609 612
610 613
610 611
610 612
611 614
611 612
612 615
613 616
613 614
613 615
614 617
614 615
615 618
616 619
616 617
616 618
617 620
617 618
618 621
619 622
619 620
619 621
620 623
620 621
621 624
622 625
622 623
622 624
623 626
623 624
624 627
625 628
625 626
625 627
626 629
626 627
627 630
628 631
628 629
628 630
629 632
629 630
630 633
631 634
631 632
631 633
632 635
632 633
633 636
634 637
634 635
634 636
635 638
635 636
636 639
637 640
637 638
637 639
638 641
638 639
639 642
640 643
640 641
640 642
641 644
641 642
642 645
643 646
643 644
643 645
644 647
644 645
645 648
646 649
646 647
646 648
647 650
647 648
648 651
649 652
649 650
649 651
650 653
650 651
651 654
652 655
652 653
652 654
653 656
653 654
654 657
655 658
655 656
655 657
656 659
656 657
657 660
658 661
658 659
658 660
659 662
659 660
660 663
661 664
661 662
661 663
662 665
662 663
663 666
664 667
664 665
664 666
665 668
665 666
666 669
667 670
667 668
667 669
668 671
668 669
669 672
670 673
670 671
670 672
671 674
671 672
672 675
673 676
673 674
673 675
674 677
674 675
675 678
676 679
676 677
676 678
677 680
677 678
678 681
679 682
679 680
679 681
680 683
680 681
681 684
682 685
682 683
682 684
683 686
683 684
684 687
685 688
685 686
685 687
686 689
686 687
687 690
688 691
688 689
688 690
689 692
689 690
690 693
691 694
691 692
691 693
692 695
692 693
693 696
694 697
694 695
694 696
695 698
695 696
696 699
697 700
697 698
697 699
698 701
698 699
699 702
700 703
700 701
700 702
701 704
701 702
702 705
703 706
703 704
703 705
704 707
704 705
705 708
706 709
706 707
706 708
707 710
707 708
708 711
709 712
709 710
709 711
710 713
710 711
711 714
712 715
712 713
712 714
713 716
713 714
714 717
715 718
715 716
715 717
716 719
716 717
717 720
718 721
718 719
718 720
719 722
719 720
720 723
721 724
721 722
721 723
722 725
722 723
723 726
724 727
724 725
724 726
725 728
725 726
726 729
727 730
727 728
727 729
728 731
728 729
729 732
730 733
730 731
730 732
731 734
731 732
732 735
733 736
733 734
733 735
734 737
734 735
735 738
736 739
736 737
736 738
737 740
737 738
738 741
739 742
739 740
739 741
740 743
740 741
741 744
742 745
742 743
742 744
743 746
743 744
744 747
745 748
745 746
745 747
746 749
746 747
747 750
748 751
748 749
748 750
749 752
749 750
750 753
751 754
751 752
751 753
752 755
752 753
753 756
754 757
754 755
754 756
755 758
755 756
756 759
757 760
757 758
757 759
758 761
758 759
759 762
760 763
760 761
760 762
761 764
761 762
762 765
763 766
763 764
763 765
764 767
764 765
765 768
766 769
766 767
766 768
767 770
767 768
768 771
769 772
769 770
769 771
770 773
770 771
771 774
772 775
772 773
772 774
773 776
773 774
774 777
775 778
775 776
775 777
776 779
776 777
777 780
778 781
778 779
778 780
779 782
779 780
780 783
781 784
781 782
781 783
782 785
782 783
783 786
784 787
784 785
784 786
785 788
785 786
786 789
787 790
787 788
787 789
788 791
788 789
789 792
790 793
790 791
790 792
791 794
791 792
792 795
793 796
793 794
793 795
794 797
794 795
795 798
796 799
796 797
796 798
797 800
797 798
798 801
799 802
799 800
799 801
800 803
800 801
801 804
802 805
802 803
802 804
803 806
803 804
804 807
805 808
805 806
805 807
806 809
806 807
807 810
808 811
808 809
808 810
809 812
809 810
810 813
811 814
811 812
811 813
812 815
812 813
813 816
814 817
814 815
814 816
815 818
815 816
816 819
817 820
817 818
817 819
818 821
818 819
819 822
820 823
820 821
820 822
821 824
821 822
822 825
823 826
823 824
823 825
824 827
824 825
825 828
826 829
826 827
826 828
827 830
827 828
828 831
829 832
829 830
829 831
830 833
830 831
831 834
832 835
832 833
832 834
833 836
833 834
834 837
835 838
835 836
835 837
836 839
836 837
837 840
838 841
838 839
838 840
839 842
839 840
840 843
841 844
841 842
841 843
842 845
842 843
843 846
844 847
844 845
844 846
845 848
845 846
846 849
847 850
847 848
847 849
848 851
848 849
849 852
850 853
850 851
850 852
851 854
851 852
852 855
853 856
853 854
853 855
854 857
854 855
855 858
856 859
856 857
856 858
857 860
857 858
858 861
859 862
859 860
859 861
860 863
860 861
861 864
862 865
862 863
862 864
863 866
863 864
864 867
865 868
865 866
865 867
866 869
866 867
867 870
868 871
868 869
868 870
869 872
869 870
870 873
871 874
871 872
871 873
872 875
872 873
873 876
874 877
874 875
874 876
875 878
875 876
876 879
877 880
877 878
877 879
878 881
878 879
879 882
880 883
880 881
880 882
881 884
881 882
882 885
883 886
883 884
883 885
884 887
884 885
885 888
886 889
886 887
886 888
887 890
887 888
888 891
889 892
889 890
889 891
890 893
890 891
891 894
892 895
892 893
892 894
893 896
893 894
894 897
895 898
895 896
895 897
896 899
896 897
897 900
898 901
898 899
898 900
899 902
899 900
900 903
901 904
901 902
901 903
902 905
902 903
903 906
904 907
904 905
904 906
905 908
905 906
906 909
907 910
907 908
907 909
908 911
908 909
909 912
910 913
910 911
910 912
911 914
911 912
912 915
913 916
913 914
913 915
914 917
914 915
915 918
916 919
916 917
916 918
917 920
917 918
918 921
919 922
919 920
919 921
920 923
920 921
921 924
922 925
922 923
922 924
923 926
923 924
924 927
925 928
925 926
925 927
926 929
926 927
927 930
928 931
928 929
928 930
929 932
929 930
930 933
931 934
931 932
931 933
932 935
932 933
933 936
934 937
934 935
934 936
935 938
935 936
936 939
937 940
937 938
937 939
938 941
938 939
939 942
940 943
940 941
940 942
941 944
941 942
942 945
943 946
943 944
943 945
944 947
944 945
945 948
946 949
946 947
946 948
947 950
947 948
948 951
949 952
949 950
949 951
950 953
950 951
951 954
952 955
952 953
952 954
953 956
953 954
954 957
955 958
955 956
955 957
956 959
956 957
957 960
958 961
958 959
958 960
959 962
959 960
960 963
961 964
961 962
961 963
962 965
962 963
963 966
964 967
964 965
964 966
965 968
965 966
966 969
967 970
967 968
967 969
968 971
968 969
969 972
970 973
970 971
970 972
971 974
971 972
972 975
973 976
973 974
973 975
974 977
974 975
975 978
976 979
976 977
976 978
977 980
977 978
978 981
979 982
979 980
979 981
980 983
980 981
981 984
982 985
982 983
982 984
983 986
983 984
984 987
985 988
985 986
985 987
986 989
986 987
987 990
988 991
988 989
988 990
989 992
989 990
990 993
991 994
991 992
991 993
992 995
992 993
993 996
994 997
994 995
994 996
995 998
995 996
996 999
997 998
997 999
998 999
